41 86 12 32 37 84 36 47 78 57 105 73 109 116 57 46 111 25 125 100 131 105 142 53 68 32
59 74 34 58 147 142 151 133 161 102 135 169 99 64 43 164 124 60 149 69 149 114 181 63 97
62 186 68 71 204 199 64 95 201 216 198 220 112 188 141 142 158 180 71 146 107 138 228 84 200
122 203 85 226 89 215 142 90 256 85 216 170 107 126 124 251 142 222 199 183 142 209 257 123 133
262 297 123 164 195 281 136 165 132 301 160 112 228 178 139 325 283 201 206 126 151 181 250 303 142
277 265 283 273 340 357 137 188 294 275 327 229 295 243 237 378 307 320 205 234 375 272 313 311 322
248 190 280 311 253 288 366 344 260 410 256 276 186 328 288 363 203 286 309 201 384 298 273 386 271
200 385 386 390 341 419 235 201 190 193 222 244 459 367 438 243 312 408 361 256 298 280 363 444 409
292 413 383 436 269 507 449 214 230 234 334 440 270 445 472 251 414 449 526 343 524 234 359 544 400
318 305 472 285 508 286 233 385 521 257 548 269 524 327 498 550 306 402 290 571 339 580 264 592 352
428 588 540 404 536 274 502 517 331 609 548 576 590 305 508 340 568 353 433 497 551 636 417 487 487
620 525 491 618 281 491 313 497 563 538 656 423 414 460 468 437 293 470 670 417 505 466 547 331 676
352 660 382 317 330 492 576 405 414 525 698 606 349 721 703 371 459 703 697 609 497 354 582 517 570
641 674 366 561 738 666 691 520 654 726 696 469 430 749 693 441 587 461 368 473 394 730 629 716 771
516 494 702 381 404 752 471 617 684 375 527 447 643 808 634 562 654 773 695 674 679 397 683 762 613
566 733 634 506 447 666 506 529 422 615 619 418 430 785 814 733 656 832 865 745 443 862 446 592 673
607 659 556 460 755 472 775 665 910 622 422 731 473 415 794 603 920 529 587 743 761 701 820 617 856
502 569 754 504 774 897 467 798 953 914 770 609 673 549 711 774 910 766 657 460 586 466 951 662 969
923 532 580 952 672 591 643 672 692 791 700 918 777 715 1017 1002 977 856 688 930 660 610 733 866 802
999 732 706 956 822 718 947 1055 861 919 767 873 825 611 543 643 882 630 617 696 657 624 527 678 564
948 684 780 702 866 1035 928 839 1087 923 646 926 725 616 753 528 1007 640 730 1040 846 820 657 777 1032
735 1100 838 678 943 671 929 958 671 563 661 773 561 1024 920 1175 695 921 629 635 649 783 1071 1104 772
606 1119 672 836 846 870 716 1188 736 857 697 599 752 844 952 879 674 593 1202 765 1127 803 1147 1213 1090
1051 708 1178 1237 1073 1199 756 948 1082 1117 777 1216 1104 796 1127 1001 811 1140 945 1203 1095 989 727 1072 1254
803 879 1094 943 805 1003 802 818 638 905 1110 966 899 759 1151 637 1162 819 1269 1136 1172 690 1023 1070 1023
1261 927 1209 1232 775 632 1330 1100 1087 642 1188 887 914 1346 816 717 1036 1040 775 1347 782 1257 917 1350 1012
1306 1037 1141 1090 718 1369 822 1205 971 810 1347 965 902 979 1395 1262 1187 1003 969 1082 1337 1232 1259 1313 1404
1171 1083 1184 1223 1069 1340 1219 990 879 1181 877 1234 921 1459 751 1231 1107 1446 967 837 1048 719 948 1277 970
1497 1461 772 1131 976 890 1467 1339 1095 914 1214 821 1425 722 1448 750 829 1213 941 1404 812 943 1061 899 829
1156 862 1478 1064 1555 1439 1035 1326 982 1127 944 993 1195 984 973 883 1237 793 1410 833 823 763 787 1150 989
1377 1061 1380 941 1468 826 1203 921 1594 1252 1125 1192 823 822 1118 1223 1397 1303 820 1060 1610 835 1100 802 1318
1595 1111 1087 1110 1189 814 1421 1049 1488 1507 1394 915 1585 1658 1374 1186 1558 1483 1591 1108 1618 1301 1546 896 836
861 1699 1424 1525 1508 1599 1040 1136 1104 1623 1437 1149 928 1188 1130 1234 1448 1443 1626 935 1429 1243 1089 928 1090
1196 994 1479 1091 1162 1304 1344 1647 1646 1416 1737 904 1350 971 1726 1482 1377 1703 1361 1761 1392 1578 1326 1149 1506
1797 988 1195 1302 1255 1795 1031 886 1438 1085 950 1753 1197 1274 1550 1698 1227 1113 1532 946 1700 1272 1324 1679 1454
1563 902 1753 1429 1028 1214 1415 1164 1425 1273 1492 1240 1458 934 1180 1262 1501 1262 1863 1586 1655 1884 1828 1463 1389
1825 1182 1517 1458 1115 1278 1788 1715 1107 1758 950 1704 1246 1563 1483 1525 1545 954 1083 965 1730 1488 1397 1358 1738
1495 1175 1549 989 1078 1613 1795 1228 1415 1364 1009 1807 996 1093 1391 1180 1471 1513 1487 1445 1494 1892 1816 1914 1732
1854 1257 1656 1196 1464 1944 1176 1517 1146 1055 1579 1080 1349 1693 1753 1491 2027 1020 1864 1403 1340 1049 1741 1623 1913
1004 1390 2040 1705 1731 1785 1316 2054 1477 1067 1075 1151 1604 1123 1946 1346 1250 1405 1021 1308 1298 1458 1232 1159 